31	0	table-1537-765	2
31	0	table-0803-130	2
31	0	table-1550-993	2
31	0	table-1550-200	2
31	0	table-0151-847	2
31	0	table-1550-202	2
31	0	table-0257-379	2
31	0	table-0309-232	2
31	0	table-0730-628	2
31	0	table-0405-992	2
31	0	table-1550-209	2
31	0	table-1550-199	2
31	0	table-1550-211	2
31	0	table-0221-714	2
31	0	table-1550-201	2
31	0	table-0419-518	2
31	0	table-1590-536	2
31	0	table-1537-751	2
31	0	table-1550-999	2
31	0	table-1551-19	2
31	0	table-1032-853	2
31	0	table-1550-198	2
31	0	table-0419-513	2
31	0	table-1550-196	2
31	0	table-0347-736	2
31	0	table-0810-501	2
31	0	table-0151-848	2
31	0	table-0151-840	2
31	0	table-0273-904	2
31	0	table-1625-503	1
31	0	table-1550-207	1
31	0	table-1517-710	1
31	0	table-1565-710	1
31	0	table-1565-676	1
31	0	table-1550-206	1
31	0	table-1627-2	1
31	0	table-1549-983	1
31	0	table-1565-65	1
31	0	table-1437-521	1
31	0	table-1551-37	1
31	0	table-0202-113	1
31	0	table-1197-397	1
31	0	table-1594-912	1
31	0	table-1287-861	1
31	0	table-0583-847	1
31	0	table-0873-520	1
31	0	table-0583-846	0
31	0	table-1244-685	0
31	0	table-1551-35	0
31	0	table-1280-478	0
31	0	table-0017-237	0
31	0	table-0109-676	0
31	0	table-1037-819	0
32	0	table-1577-566	2
32	0	table-1460-55	1
32	0	table-1598-564	0
32	0	table-1636-103	0
32	0	table-1547-176	0
32	0	table-1598-562	0
32	0	table-1547-182	0
32	0	table-0867-339	0
32	0	table-0290-355	0
32	0	table-1538-252	0
32	0	table-1434-920	0
32	0	table-1249-391	0
32	0	table-1631-88	0
32	0	table-1604-743	0
32	0	table-1604-759	0
32	0	table-0174-290	0
32	0	table-0214-699	0
32	0	table-1421-186	0
32	0	table-0263-897	0
32	0	table-1608-249	0
32	0	table-0092-585	0
32	0	table-0972-522	0
32	0	table-0573-741	0
32	0	table-0450-569	0
32	0	table-0038-987	0
32	0	table-0688-862	0
32	0	table-0450-572	0
32	0	table-0037-29	0
32	0	table-0835-741	0
32	0	table-0413-661	0
32	0	table-0867-337	0
32	0	table-0144-887	0
32	0	table-0535-617	0
32	0	table-0400-969	0
32	0	table-0450-575	0
32	0	table-1558-845	0
32	0	table-1371-959	0
32	0	table-1289-998	0
32	0	table-1106-217	0
32	0	table-1020-271	0
32	0	table-0335-664	0
32	0	table-0349-205	0
32	0	table-0057-533	0
32	0	table-1090-435	0
32	0	table-0189-870	0
32	0	table-0878-343	0
32	0	table-0420-88	0
32	0	table-0356-493	0
32	0	table-1250-616	0
32	0	table-0625-421	0
32	0	table-0679-737	0
32	0	table-1615-399	0
33	0	table-0264-10	2
33	0	table-0837-624	1
33	0	table-1230-202	1
33	0	table-1442-709	1
33	0	table-1633-777	1
33	0	table-0436-693	1
33	0	table-0787-879	1
33	0	table-1649-778	1
33	0	table-0401-152	1
33	0	table-1099-748	1
33	0	table-1270-645	1
33	0	table-0800-191	1
33	0	table-0015-303	1
33	0	table-0791-515	1
33	0	table-0977-706	1
33	0	table-1468-870	1
33	0	table-1647-680	1
33	0	table-1453-697	1
33	0	table-0293-211	1
33	0	table-1249-780	1
33	0	table-0928-203	1
33	0	table-0153-339	1
33	0	table-1373-313	1
33	0	table-1031-631	1
33	0	table-0215-293	1
33	0	table-1201-576	1
33	0	table-0287-385	1
33	0	table-0707-550	1
33	0	table-0188-243	1
33	0	table-0152-679	1
33	0	table-0121-692	1
33	0	table-0259-373	1
33	0	table-0226-271	1
33	0	table-1468-369	1
33	0	table-1628-938	0
33	0	table-0290-545	0
33	0	table-0285-457	0
33	0	table-1291-610	0
33	0	table-1400-611	0
33	0	table-0401-153	0
33	0	table-0374-109	0
33	0	table-0215-300	0
33	0	table-0029-938	0
33	0	table-1203-97	0
33	0	table-0814-469	0
33	0	table-0814-443	0
33	0	table-0814-494	0
33	0	table-0105-792	0
33	0	table-0264-11	0
33	0	table-0446-274	0
33	0	table-0226-270	0
33	0	table-0099-73	0
33	0	table-0131-198	0
33	0	table-1146-554	0
33	0	table-0541-196	0
33	0	table-1468-387	0
34	0	table-0218-202	2
34	0	table-0260-605	1
34	0	table-1646-857	1
34	0	table-1087-909	1
34	0	table-0320-409	1
34	0	table-0348-856	1
34	0	table-1087-870	1
34	0	table-1087-917	1
34	0	table-1087-857	1
34	0	table-1087-872	1
34	0	table-1087-836	1
34	0	table-1087-873	1
34	0	table-1087-864	1
34	0	table-1087-863	1
34	0	table-1087-867	1
34	0	table-1087-860	1
34	0	table-1087-848	1
34	0	table-1087-876	1
34	0	table-1087-874	1
34	0	table-1087-878	1
34	0	table-0171-322	1
34	0	table-1087-922	1
34	0	table-1611-968	1
34	0	table-1612-250	1
34	0	table-1612-45	1
34	0	table-1612-83	1
34	0	table-1611-569	1
34	0	table-1611-525	1
34	0	table-1612-3	1
34	0	table-1612-2	1
34	0	table-1611-907	1
34	0	table-1611-956	1
34	0	table-1618-598	1
34	0	table-1611-457	1
34	0	table-1612-191	1
34	0	table-1612-120	1
34	0	table-1612-18	1
34	0	table-1612-207	1
34	0	table-1611-506	1
34	0	table-1055-978	0
34	0	table-1611-452	0
34	0	table-1611-900	0
34	0	table-1608-124	0
34	0	table-1611-513	0
34	0	table-1609-797	0
34	0	table-1611-534	0
34	0	table-1612-84	0
34	0	table-1612-91	0
34	0	table-1610-132	0
34	0	table-1611-848	0
34	0	table-1611-581	0
34	0	table-1612-245	0
34	0	table-1612-47	0
34	0	table-1611-583	0
35	0	table-0981-339	2
35	0	table-1489-449	1
35	0	table-1080-585	1
35	0	table-0452-590	0
35	0	table-0310-406	0
35	0	table-1402-905	0
35	0	table-0456-852	0
35	0	table-0385-764	0
35	0	table-0385-766	0
35	0	table-0385-765	0
35	0	table-1647-305	0
35	0	table-0385-768	0
35	0	table-0452-64	0
35	0	table-0130-23	0
35	0	table-0379-43	0
35	0	table-0865-947	0
35	0	table-1015-247	0
35	0	table-1015-246	0
35	0	table-1353-195	0
35	0	table-1508-914	0
35	0	table-0022-834	0
35	0	table-0352-87	0
35	0	table-0284-100	0
35	0	table-1014-183	0
35	0	table-0245-556	0
35	0	table-0524-308	0
35	0	table-0852-34	0
35	0	table-0241-581	0
35	0	table-0459-793	0
35	0	table-0453-219	0
35	0	table-0981-699	0
35	0	table-0592-244	0
35	0	table-0551-954	0
35	0	table-0553-184	0
35	0	table-0591-359	0
35	0	table-0598-146	0
35	0	table-1651-479	0
35	0	table-0735-908	0
35	0	table-0242-335	0
35	0	table-0709-584	0
35	0	table-0441-134	0
35	0	table-1078-825	0
35	0	table-1005-652	0
35	0	table-0243-845	0
35	0	table-0189-549	0
35	0	table-0588-746	0
35	0	table-0853-747	0
35	0	table-0735-912	0
35	0	table-1352-417	0
36	0	table-1353-195	1
36	0	table-0194-548	1
36	0	table-1333-198	0
36	0	table-1402-905	0
36	0	table-1519-321	0
36	0	table-0456-852	0
36	0	table-0385-764	0
36	0	table-0385-766	0
36	0	table-0385-765	0
36	0	table-1647-305	0
36	0	table-0385-768	0
36	0	table-1356-222	0
36	0	table-1489-146	0
36	0	table-0452-64	0
36	0	table-1015-247	0
36	0	table-1015-246	0
36	0	table-1508-914	0
36	0	table-0284-100	0
36	0	table-0273-262	0
36	0	table-0241-581	0
36	0	table-0459-793	0
36	0	table-0245-556	0
36	0	table-1334-944	0
36	0	table-0453-219	0
36	0	table-1390-372	0
36	0	table-0194-549	0
36	0	table-0194-547	0
36	0	table-0981-699	0
36	0	table-0592-244	0
36	0	table-0551-954	0
36	0	table-0553-184	0
36	0	table-0591-359	0
36	0	table-0022-834	0
36	0	table-1489-449	0
36	0	table-0598-146	0
36	0	table-0735-908	0
36	0	table-0242-335	0
36	0	table-0709-584	0
36	0	table-1078-825	0
36	0	table-0441-134	0
36	0	table-0576-378	0
36	0	table-1005-652	0
36	0	table-0709-586	0
36	0	table-0852-34	0
36	0	table-0524-308	0
36	0	table-1338-648	0
36	0	table-0189-549	0
36	0	table-0853-747	0
36	0	table-1589-520	0
36	0	table-1011-148	0
37	0	table-1627-93	2
37	0	table-1573-730	2
37	0	table-1563-283	2
37	0	table-1616-533	2
37	0	table-0687-978	2
37	0	table-0123-682	2
37	0	table-1108-894	2
37	0	table-0889-1	2
37	0	table-0190-739	1
37	0	table-0290-4	1
37	0	table-0128-170	1
37	0	table-1037-848	1
37	0	table-0999-325	1
37	0	table-1000-412	1
37	0	table-0999-323	1
37	0	table-1375-531	1
37	0	table-1391-645	0
37	0	table-1421-943	0
37	0	table-1539-718	0
37	0	table-0015-657	0
37	0	table-1390-315	0
37	0	table-0300-526	0
37	0	table-1523-420	0
37	0	table-0253-730	0
37	0	table-1536-294	0
37	0	table-0521-373	0
37	0	table-0327-289	0
37	0	table-0003-903	0
37	0	table-0535-617	0
37	0	table-0400-969	0
37	0	table-0450-575	0
37	0	table-0867-337	0
37	0	table-0154-373	0
37	0	table-0307-361	0
37	0	table-1020-271	0
37	0	table-0910-77	0
37	0	table-0105-711	0
37	0	table-1352-417	0
37	0	table-0751-578	0
37	0	table-1441-100	0
37	0	table-0878-343	0
37	0	table-1304-270	0
37	0	table-0935-684	0
37	0	table-1639-747	0
37	0	table-0124-508	0
37	0	table-0202-720	0
37	0	table-0450-572	0
37	0	table-0919-443	0
38	0	table-0001-400	2
38	0	table-0520-707	2
38	0	table-1451-328	2
38	0	table-1017-538	2
38	0	table-0116-212	1
38	0	table-0507-56	1
38	0	table-1205-318	0
38	0	table-0765-964	0
38	0	table-0324-731	0
38	0	table-0014-364	0
38	0	table-1017-458	0
38	0	table-0780-690	0
38	0	table-0226-372	0
38	0	table-0324-730	0
38	0	table-0864-324	0
38	0	table-1231-477	0
38	0	table-0916-136	0
38	0	table-0266-46	0
38	0	table-1599-399	0
38	0	table-1274-494	0
38	0	table-1165-475	0
38	0	table-1304-396	0
38	0	table-1262-717	0
38	0	table-1600-677	0
38	0	table-0571-533	0
38	0	table-1204-839	0
38	0	table-0180-822	0
38	0	table-1469-598	0
38	0	table-0386-284	0
38	0	table-0695-569	0
38	0	table-1386-816	0
38	0	table-0066-52	0
38	0	table-0628-937	0
38	0	table-0985-943	0
38	0	table-1386-110	0
38	0	table-1363-588	0
38	0	table-0503-364	0
38	0	table-1292-436	0
38	0	table-1388-470	0
38	0	table-0990-47	0
38	0	table-0859-853	0
38	0	table-1129-38	0
38	0	table-1287-439	0
38	0	table-1081-271	0
38	0	table-0528-932	0
38	0	table-0946-568	0
38	0	table-1650-920	0
38	0	table-1394-430	0
38	0	table-1293-66	0
38	0	table-0364-266	0
38	0	table-1035-439	0
38	0	table-1379-82	0
38	0	table-0525-132	0
38	0	table-0703-419	0
38	0	table-1042-325	0
38	0	table-0403-805	0
38	0	table-1640-953	0
38	0	table-1232-9	0
38	0	table-0117-510	0
38	0	table-0057-365	0
39	0	table-1524-733	1
39	0	table-1387-579	0
39	0	table-0883-680	0
39	0	table-1637-901	0
39	0	table-1647-422	0
39	0	table-0891-332	0
39	0	table-1636-696	0
39	0	table-1583-600	0
39	0	table-1511-448	0
39	0	table-1604-500	0
39	0	table-1593-160	0
39	0	table-0859-979	0
39	0	table-0859-966	0
39	0	table-0919-677	0
39	0	table-0136-378	0
39	0	table-1169-102	0
39	0	table-0285-770	0
39	0	table-1390-133	0
39	0	table-1403-798	0
39	0	table-0806-54	0
39	0	table-0806-58	0
39	0	table-0137-759	0
39	0	table-0809-4	0
39	0	table-0435-533	0
39	0	table-1134-539	0
39	0	table-0603-15	0
39	0	table-0806-57	0
39	0	table-1641-463	0
39	0	table-1641-462	0
39	0	table-1359-325	0
39	0	table-1420-265	0
39	0	table-1388-406	0
39	0	table-0103-588	0
39	0	table-1388-407	0
39	0	table-0752-76	0
39	0	table-0752-77	0
39	0	table-0322-546	0
39	0	table-1631-302	0
39	0	table-0506-214	0
39	0	table-0733-719	0
39	0	table-0545-847	0
39	0	table-0133-525	0
39	0	table-0116-621	0
39	0	table-0881-101	0
39	0	table-0657-210	0
39	0	table-1244-293	0
39	0	table-0592-700	0
39	0	table-0191-235	0
39	0	table-0217-467	0
39	0	table-1253-980	0
39	0	table-0312-737	0
39	0	table-0441-859	0
39	0	table-0751-591	0
39	0	table-1522-867	0
39	0	table-0849-905	0
40	0	table-1045-652	2
40	0	table-0484-507	2
40	0	table-1269-149	2
40	0	table-0880-38	2
40	0	table-1031-634	1
40	0	table-0350-639	1
40	0	table-0899-319	1
40	0	table-1455-161	1
40	0	table-0100-968	1
40	0	table-1455-165	1
40	0	table-0268-63	1
40	0	table-0273-259	1
40	0	table-1486-330	1
40	0	table-0138-271	0
40	0	table-0461-150	0
40	0	table-1053-499	0
40	0	table-1652-413	0
40	0	table-0418-322	0
40	0	table-1258-365	0
40	0	table-0929-4	0
40	0	table-0235-644	0
40	0	table-0826-926	0
40	0	table-1410-194	0
40	0	table-0574-260	0
40	0	table-1634-345	0
40	0	table-1634-346	0
40	0	table-0457-316	0
40	0	table-1652-618	0
40	0	table-0064-983	0
40	0	table-1389-517	0
40	0	table-1640-849	0
40	0	table-1635-263	0
40	0	table-0268-65	0
40	0	table-0752-520	0
40	0	table-0752-521	0
40	0	table-1630-658	0
40	0	table-0925-717	0
40	0	table-1478-467	0
40	0	table-0287-955	0
40	0	table-0024-874	0
40	0	table-0516-291	0
40	0	table-0397-716	0
40	0	table-1364-680	0
40	0	table-0845-833	0
40	0	table-1577-423	0
40	0	table-0474-779	0
40	0	table-0780-807	0
40	0	table-0222-36	0
40	0	table-0172-693	0
40	0	table-0274-86	0
40	0	table-1331-131	0
40	0	table-0172-662	0
40	0	table-1251-645	0
40	0	table-0373-651	0
40	0	table-0321-67	0
40	0	table-0308-737	0
40	0	table-0032-860	0
40	0	table-0679-732	0
40	0	table-0250-223	0
40	0	table-0883-649	0
41	0	table-1090-242	2
41	0	table-1090-239	2
41	0	table-0875-233	2
41	0	table-1122-431	2
41	0	table-0875-234	2
41	0	table-0875-230	2
41	0	table-0875-223	2
41	0	table-0750-129	2
41	0	table-0875-235	2
41	0	table-0875-237	2
41	0	table-0875-228	2
41	0	table-0875-227	2
41	0	table-1090-244	1
41	0	table-1090-243	1
41	0	table-1090-241	1
41	0	table-1504-64	1
41	0	table-1444-630	1
41	0	table-0875-224	1
41	0	table-1090-240	1
41	0	table-0750-128	1
41	0	table-0427-116	1
41	0	table-1444-635	1
41	0	table-1244-933	1
41	0	table-1258-532	1
41	0	table-1269-808	1
41	0	table-0296-650	1
41	0	table-0875-225	1
41	0	table-0750-139	1
41	0	table-1090-238	1
41	0	table-1297-412	1
41	0	table-0863-703	1
41	0	table-1444-625	1
41	0	table-1244-936	1
41	0	table-1059-812	1
41	0	table-1050-865	0
41	0	table-0478-83	0
41	0	table-1160-576	0
41	0	table-0831-21	0
41	0	table-0706-50	0
41	0	table-0750-136	0
41	0	table-0734-415	0
41	0	table-0750-134	0
41	0	table-1477-808	0
41	0	table-1465-963	0
41	0	table-1589-264	0
41	0	table-1289-462	0
41	0	table-0048-710	0
41	0	table-1060-257	0
41	0	table-1543-912	0
41	0	table-0887-971	0
41	0	table-0948-485	0
41	0	table-0753-397	0
41	0	table-0980-388	0
42	0	table-1396-736	2
42	0	table-1396-734	2
42	0	table-1396-738	1
42	0	table-0342-607	1
42	0	table-0349-811	1
42	0	table-0642-956	1
42	0	table-0498-296	1
42	0	table-0552-599	1
42	0	table-0462-401	1
42	0	table-1493-257	1
42	0	table-1424-449	0
42	0	table-0302-912	0
42	0	table-1396-735	0
42	0	table-0911-129	0
42	0	table-1334-781	0
42	0	table-1334-798	0
42	0	table-1480-745	0
42	0	table-1640-316	0
42	0	table-1396-737	0
42	0	table-1616-401	0
42	0	table-1405-152	0
42	0	table-1369-411	0
42	0	table-1094-818	0
42	0	table-0012-931	0
42	0	table-0311-820	0
42	0	table-1349-592	0
42	0	table-1397-842	0
42	0	table-0033-259	0
42	0	table-1069-625	0
42	0	table-1222-495	0
42	0	table-1222-493	0
42	0	table-0498-295	0
42	0	table-0498-298	0
42	0	table-0108-87	0
42	0	table-1216-279	0
42	0	table-1567-894	0
42	0	table-1258-760	0
42	0	table-0291-10	0
42	0	table-0935-684	0
42	0	table-0690-25	0
42	0	table-0356-179	0
42	0	table-0536-665	0
42	0	table-0496-732	0
42	0	table-1109-866	0
42	0	table-1160-843	0
42	0	table-1551-849	0
42	0	table-0695-231	0
42	0	table-0551-956	0
42	0	table-0736-896	0
42	0	table-1399-116	0
42	0	table-0074-48	0
42	0	table-0551-955	0
42	0	table-0551-953	0
43	0	table-1610-23	1
43	0	table-1165-698	0
43	0	table-1612-261	0
43	0	table-1612-172	0
43	0	table-1611-930	0
43	0	table-1611-882	0
43	0	table-1611-863	0
43	0	table-1611-550	0
43	0	table-1611-980	0
43	0	table-1611-968	0
43	0	table-1612-18	0
43	0	table-1612-121	0
43	0	table-1609-798	0
43	0	table-1611-875	0
43	0	table-1611-900	0
43	0	table-1611-466	0
43	0	table-1611-535	0
43	0	table-1611-469	0
43	0	table-1611-975	0
43	0	table-1612-211	0
43	0	table-1611-936	0
43	0	table-1610-22	0
43	0	table-1611-551	0
43	0	table-1611-907	0
43	0	table-1612-225	0
43	0	table-1612-14	0
43	0	table-1612-191	0
43	0	table-1612-125	0
43	0	table-1618-598	0
43	0	table-1616-397	0
43	0	table-1609-796	0
43	0	table-1609-797	0
43	0	table-1611-581	0
43	0	table-1611-839	0
43	0	table-1612-55	0
43	0	table-1612-245	0
43	0	table-1612-102	0
43	0	table-1616-344	0
43	0	table-1616-400	0
43	0	table-1612-250	0
43	0	table-1612-45	0
43	0	table-1611-525	0
43	0	table-1612-83	0
43	0	table-1611-569	0
43	0	table-1612-3	0
43	0	table-1612-2	0
43	0	table-1612-47	0
43	0	table-1612-63	0
43	0	table-1611-956	0
43	0	table-1611-457	0
43	0	table-1612-120	0
43	0	table-1611-452	0
43	0	table-1612-207	0
43	0	table-1608-124	0
43	0	table-1611-513	0
43	0	table-1612-41	0
43	0	table-1612-91	0
43	0	table-1612-84	0
43	0	table-1611-534	0
43	0	table-1611-848	0
43	0	table-1610-132	0
43	0	table-1611-583	0
44	0	table-0698-538	2
44	0	table-0412-643	1
44	0	table-0698-362	1
44	0	table-0863-916	1
44	0	table-0726-562	1
44	0	table-0698-536	1
44	0	table-0294-28	1
44	0	table-0461-536	0
44	0	table-0351-374	0
44	0	table-0351-399	0
44	0	table-0645-283	0
44	0	table-1428-973	0
44	0	table-0393-510	0
44	0	table-1562-617	0
44	0	table-1008-630	0
44	0	table-0073-740	0
44	0	table-1528-923	0
44	0	table-0270-603	0
44	0	table-1452-308	0
44	0	table-1373-889	0
44	0	table-1591-383	0
44	0	table-0698-537	0
44	0	table-1008-629	0
44	0	table-1623-754	0
44	0	table-1623-755	0
44	0	table-0472-530	0
44	0	table-1084-664	0
44	0	table-0214-231	0
44	0	table-1510-14	0
44	0	table-0208-734	0
44	0	table-1109-798	0
44	0	table-0995-144	0
44	0	table-1373-807	0
44	0	table-0254-919	0
44	0	table-0737-581	0
44	0	table-1192-417	0
44	0	table-1005-125	0
44	0	table-0949-67	0
44	0	table-0740-395	0
44	0	table-0833-314	0
44	0	table-0620-134	0
44	0	table-0087-658	0
44	0	table-1007-951	0
44	0	table-1146-968	0
45	0	table-0376-810	1
45	0	table-0798-552	1
45	0	table-0394-190	1
45	0	table-1146-975	1
45	0	table-0241-136	1
45	0	table-0497-395	1
45	0	table-1161-330	1
45	0	table-1335-335	1
45	0	table-1075-885	1
45	0	table-1087-866	1
45	0	table-1076-602	1
45	0	table-1253-512	0
45	0	table-0854-862	0
45	0	table-0998-663	0
45	0	table-0858-75	0
45	0	table-0774-562	0
45	0	table-0854-819	0
45	0	table-0998-667	0
45	0	table-1461-670	0
45	0	table-1031-997	0
45	0	table-0580-461	0
45	0	table-0948-51	0
45	0	table-0765-188	0
45	0	table-0710-382	0
45	0	table-1516-67	0
45	0	table-1329-502	0
45	0	table-1336-199	0
45	0	table-0622-407	0
45	0	table-1014-776	0
45	0	table-1191-502	0
45	0	table-0982-834	0
45	0	table-1293-85	0
45	0	table-0446-837	0
45	0	table-1640-497	0
45	0	table-1078-48	0
45	0	table-0596-66	0
45	0	table-1010-83	0
45	0	table-1010-94	0
45	0	table-1127-15	0
45	0	table-0945-846	0
45	0	table-1499-154	0
45	0	table-0467-527	0
45	0	table-0942-955	0
45	0	table-0611-902	0
45	0	table-1164-628	0
45	0	table-0205-44	0
46	0	table-0183-58	2
46	0	table-1602-828	2
46	0	table-1390-891	2
46	0	table-0350-546	1
46	0	table-1280-419	1
46	0	table-1495-660	1
46	0	table-1495-661	1
46	0	table-1442-89	1
46	0	table-1442-90	1
46	0	table-0338-14	0
46	0	table-1392-245	0
46	0	table-0197-91	0
46	0	table-1602-829	0
46	0	table-1561-603	0
46	0	table-0010-396	0
46	0	table-0269-828	0
46	0	table-1471-990	0
46	0	table-0434-898	0
46	0	table-0044-810	0
46	0	table-1355-572	0
46	0	table-1519-696	0
46	0	table-0283-93	0
46	0	table-1166-715	0
46	0	table-0184-735	0
46	0	table-0184-706	0
46	0	table-0184-724	0
46	0	table-1399-14	0
46	0	table-1600-674	0
46	0	table-0182-827	0
46	0	table-1485-517	0
46	0	table-1536-230	0
46	0	table-1021-322	0
46	0	table-0649-710	0
46	0	table-1345-49	0
46	0	table-1442-713	0
46	0	table-0377-330	0
46	0	table-0217-349	0
46	0	table-0790-837	0
46	0	table-0765-619	0
46	0	table-1443-746	0
46	0	table-1448-829	0
46	0	table-0077-438	0
46	0	table-1448-687	0
46	0	table-1350-109	0
46	0	table-1138-918	0
46	0	table-1227-261	0
46	0	table-0054-808	0
46	0	table-0096-922	0
46	0	table-1353-79	0
46	0	table-0516-82	0
46	0	table-0298-677	0
46	0	table-1447-841	0
46	0	table-1572-776	0
46	0	table-1448-821	0
47	0	table-0087-619	2
47	0	table-0282-68	2
47	0	table-1585-589	2
47	0	table-1585-588	2
47	0	table-1424-449	2
47	0	table-1197-684	2
47	0	table-0498-295	2
47	0	table-0373-702	2
47	0	table-0813-439	2
47	0	table-0728-796	2
47	0	table-0498-294	2
47	0	table-0488-918	2
47	0	table-0610-865	2
47	0	table-0224-786	2
47	0	table-1465-885	2
47	0	table-0881-85	2
47	0	table-0960-154	2
47	0	table-0480-100	2
47	0	table-0853-850	2
47	0	table-1222-495	1
47	0	table-1222-493	1
47	0	table-1616-401	0
47	0	table-0031-124	0
47	0	table-0927-516	0
47	0	table-0498-296	0
47	0	table-0927-515	0
47	0	table-0791-313	0
47	0	table-0927-517	0
47	0	table-0354-234	0
47	0	table-0291-10	0
47	0	table-0755-688	0
47	0	table-0867-91	0
47	0	table-0253-590	0
47	0	table-1155-303	0
47	0	table-1495-749	0
47	0	table-0908-336	0
47	0	table-1287-554	0
47	0	table-0255-236	0
47	0	table-0551-156	0
47	0	table-0062-485	0
47	0	table-1514-98	0
47	0	table-1567-415	0
47	0	table-0415-192	0
47	0	table-0045-396	0
47	0	table-0755-685	0
47	0	table-0155-712	0
47	0	table-1195-71	0
47	0	table-1391-525	0
47	0	table-1536-42	0
47	0	table-1391-524	0
47	0	table-0326-510	0
47	0	table-0586-773	0
47	0	table-0024-136	0
47	0	table-1433-477	0
47	0	table-1584-131	0
47	0	table-0255-240	0
47	0	table-0791-311	0
48	0	table-1571-62	2
48	0	table-0055-698	2
48	0	table-0208-139	2
48	0	table-0208-138	2
48	0	table-0371-97	2
48	0	table-1628-799	2
48	0	table-1461-956	1
48	0	table-0456-40	1
48	0	table-0459-647	0
48	0	table-0855-314	0
48	0	table-1135-687	0
48	0	table-0625-86	0
48	0	table-1611-452	0
48	0	table-1137-398	0
48	0	table-1055-978	0
48	0	table-1026-599	0
48	0	table-1390-665	0
48	0	table-1612-42	0
48	0	table-1610-23	0
48	0	table-1612-261	0
48	0	table-1612-172	0
48	0	table-1635-745	0
48	0	table-1434-216	0
48	0	table-1610-22	0
48	0	table-1611-551	0
48	0	table-1611-907	0
48	0	table-1612-225	0
48	0	table-1612-14	0
48	0	table-1611-968	0
48	0	table-1618-598	0
48	0	table-1611-956	0
48	0	table-1612-2	0
48	0	table-1611-457	0
48	0	table-1612-250	0
48	0	table-1612-191	0
48	0	table-1612-120	0
48	0	table-1612-83	0
48	0	table-1612-45	0
48	0	table-1611-569	0
48	0	table-1611-525	0
48	0	table-1612-3	0
48	0	table-1611-506	0
48	0	table-1612-207	0
48	0	table-1611-466	0
48	0	table-1609-797	0
48	0	table-1611-513	0
48	0	table-1610-132	0
48	0	table-1612-63	0
48	0	table-1612-245	0
48	0	table-1612-47	0
48	0	table-1611-524	0
48	0	table-1612-84	0
48	0	table-1611-534	0
48	0	table-1612-91	0
48	0	table-1611-848	0
48	0	table-1611-581	0
49	0	table-0346-490	1
49	0	table-1216-279	1
49	0	table-0277-273	0
49	0	table-0002-320	0
49	0	table-1017-379	0
49	0	table-1502-45	0
49	0	table-1086-440	0
49	0	table-0432-561	0
49	0	table-0383-189	0
49	0	table-0404-288	0
49	0	table-0876-486	0
49	0	table-1533-500	0
49	0	table-1155-462	0
49	0	table-1160-844	0
49	0	table-1160-848	0
49	0	table-1160-846	0
49	0	table-1640-352	0
49	0	table-1567-897	0
49	0	table-1522-309	0
49	0	table-0019-690	0
49	0	table-0497-834	0
49	0	table-1633-945	0
49	0	table-0325-192	0
49	0	table-0058-281	0
49	0	table-0846-443	0
49	0	table-1310-170	0
49	0	table-0302-912	0
49	0	table-1567-896	0
49	0	table-0116-205	0
49	0	table-0168-430	0
49	0	table-0695-235	0
49	0	table-1160-845	0
49	0	table-1424-937	0
49	0	table-0695-234	0
49	0	table-0172-230	0
49	0	table-1424-932	0
49	0	table-0695-236	0
49	0	table-0748-163	0
49	0	table-0536-665	0
49	0	table-0255-225	0
49	0	table-1160-847	0
49	0	table-1160-843	0
49	0	table-0948-802	0
49	0	table-0948-803	0
49	0	table-0789-871	0
49	0	table-0789-909	0
50	0	table-1405-724	2
50	0	table-0666-479	2
50	0	table-0227-700	2
50	0	table-0197-91	1
50	0	table-1541-685	1
50	0	table-0668-241	1
50	0	table-1448-639	0
50	0	table-1433-255	0
50	0	table-1448-638	0
50	0	table-0010-396	0
50	0	table-0198-895	0
50	0	table-0044-810	0
50	0	table-1519-696	0
50	0	table-1561-603	0
50	0	table-0269-828	0
50	0	table-1471-990	0
50	0	table-0814-491	0
50	0	table-0434-898	0
50	0	table-0194-131	0
50	0	table-1511-48	0
50	0	table-1444-156	0
50	0	table-1504-621	0
50	0	table-0283-93	0
50	0	table-1485-517	0
50	0	table-1462-531	0
50	0	table-0377-330	0
50	0	table-1462-360	0
50	0	table-0888-964	0
50	0	table-1442-712	0
50	0	table-0217-349	0
50	0	table-0184-735	0
50	0	table-0184-706	0
50	0	table-0184-724	0
50	0	table-0462-399	0
50	0	table-1600-674	0
50	0	table-1478-556	0
50	0	table-0741-853	0
50	0	table-1572-706	0
50	0	table-0513-110	0
50	0	table-1443-746	0
50	0	table-1399-14	0
50	0	table-1379-173	0
50	0	table-0741-866	0
50	0	table-1448-829	0
50	0	table-1005-954	0
50	0	table-1005-137	0
50	0	table-0947-828	0
50	0	table-0250-9	0
50	0	table-1448-687	0
50	0	table-1570-787	0
50	0	table-0765-619	0
50	0	table-0516-82	0
50	0	table-0741-849	0
50	0	table-1448-837	0
50	0	table-1448-876	0
50	0	table-1448-914	0
50	0	table-0575-909	0
50	0	table-1443-745	0
50	0	table-0338-14	0
51	0	table-1573-730	2
51	0	table-1627-93	0
51	0	table-0190-739	0
51	0	table-0687-978	0
51	0	table-0521-373	0
51	0	table-1375-531	0
51	0	table-0327-289	0
51	0	table-0290-4	0
51	0	table-0893-879	0
51	0	table-1108-894	0
51	0	table-0123-682	0
51	0	table-1441-100	0
51	0	table-0091-144	0
51	0	table-0630-761	0
51	0	table-1653-369	0
51	0	table-0889-1	0
51	0	table-0375-762	0
51	0	table-0285-188	0
51	0	table-0919-458	0
51	0	table-0375-763	0
51	0	table-0747-520	0
51	0	table-1213-528	0
51	0	table-0988-491	0
51	0	table-0346-105	0
51	0	table-1612-670	0
51	0	table-0247-967	0
51	0	table-1438-848	0
51	0	table-0900-829	0
51	0	table-0420-541	0
51	0	table-1639-747	0
51	0	table-1268-781	0
51	0	table-1626-838	0
51	0	table-0302-733	0
51	0	table-0402-154	0
51	0	table-1577-350	0
51	0	table-1352-417	0
51	0	table-0402-134	0
51	0	table-1029-112	0
51	0	table-1568-8	0
51	0	table-1640-1	0
51	0	table-1611-908	0
51	0	table-0902-752	0
51	0	table-1553-419	0
51	0	table-0293-509	0
51	0	table-1542-799	0
51	0	table-1644-353	0
51	0	table-0123-741	0
51	0	table-1392-546	0
51	0	table-0186-670	0
51	0	table-0669-690	0
52	0	table-0226-319	0
52	0	table-1021-819	0
52	0	table-1005-326	0
52	0	table-1551-117	0
52	0	table-0230-554	0
52	0	table-1053-92	0
52	0	table-1447-122	0
52	0	table-1081-79	0
52	0	table-1478-737	0
52	0	table-0931-697	0
52	0	table-0131-736	0
52	0	table-1454-404	0
52	0	table-1574-364	0
52	0	table-0225-139	0
52	0	table-1417-465	0
52	0	table-1482-885	0
52	0	table-1331-268	0
52	0	table-1518-310	0
52	0	table-0368-850	0
52	0	table-0155-563	0
52	0	table-0769-303	0
52	0	table-0989-346	0
52	0	table-1431-695	0
52	0	table-1508-306	0
52	0	table-1336-806	0
52	0	table-0747-291	0
52	0	table-0088-469	0
52	0	table-0388-840	0
52	0	table-0637-302	0
52	0	table-0400-968	0
52	0	table-0383-291	0
52	0	table-0848-924	0
52	0	table-1473-640	0
52	0	table-0180-579	0
52	0	table-1347-123	0
52	0	table-0350-520	0
52	0	table-0701-647	0
52	0	table-0301-348	0
52	0	table-1497-578	0
52	0	table-0701-646	0
52	0	table-1086-439	0
53	0	table-1560-754	0
53	0	table-1560-750	0
53	0	table-1217-32	0
53	0	table-0297-350	0
53	0	table-1031-529	0
53	0	table-0469-344	0
53	0	table-0469-995	0
53	0	table-0524-487	0
53	0	table-0846-215	0
53	0	table-1198-23	0
53	0	table-0655-948	0
53	0	table-0563-407	0
53	0	table-0612-61	0
53	0	table-1029-430	0
53	0	table-1032-815	0
53	0	table-0470-9	0
53	0	table-0497-863	0
53	0	table-0651-903	0
53	0	table-0655-257	0
53	0	table-1219-458	0
53	0	table-0587-651	0
53	0	table-0587-650	0
53	0	table-1488-50	0
53	0	table-0884-669	0
53	0	table-1567-423	0
53	0	table-0729-39	0
53	0	table-0033-586	0
53	0	table-0922-563	0
53	0	table-0107-335	0
53	0	table-0485-844	0
53	0	table-0124-852	0
53	0	table-0569-611	0
53	0	table-0744-179	0
53	0	table-0566-775	0
53	0	table-0469-374	0
53	0	table-0852-883	0
53	0	table-0469-366	0
53	0	table-0450-835	0
53	0	table-0849-194	0
53	0	table-0469-351	0
53	0	table-0841-185	0
53	0	table-1414-649	0
53	0	table-1377-511	0
53	0	table-0925-47	0
53	0	table-1642-73	0
53	0	table-1349-522	0
53	0	table-0804-919	0
53	0	table-0047-972	0
53	0	table-0064-245	0
53	0	table-0898-32	0
53	0	table-0474-230	0
53	0	table-0008-735	0
53	0	table-0898-31	0
53	0	table-1564-254	0
53	0	table-0387-180	0
54	0	table-1035-850	1
54	0	table-0090-631	1
54	0	table-0639-660	1
54	0	table-1208-518	1
54	0	table-1424-670	0
54	0	table-1580-218	0
54	0	table-1580-220	0
54	0	table-1580-222	0
54	0	table-1580-212	0
54	0	table-0132-894	0
54	0	table-1580-213	0
54	0	table-1580-210	0
54	0	table-1469-809	0
54	0	table-1420-204	0
54	0	table-1580-215	0
54	0	table-1580-214	0
54	0	table-1580-216	0
54	0	table-1459-127	0
54	0	table-1597-117	0
54	0	table-1607-736	0
54	0	table-1621-444	0
54	0	table-1643-702	0
54	0	table-1464-414	0
54	0	table-0193-255	0
54	0	table-0539-829	0
54	0	table-1208-513	0
54	0	table-1208-522	0
54	0	table-1129-537	0
54	0	table-1580-221	0
54	0	table-1580-211	0
54	0	table-1580-219	0
54	0	table-1580-209	0
54	0	table-1580-217	0
54	0	table-0269-965	0
54	0	table-0424-518	0
54	0	table-1208-515	0
54	0	table-0808-501	0
54	0	table-0057-132	0
54	0	table-1129-534	0
54	0	table-0809-357	0
54	0	table-0572-545	0
54	0	table-1208-517	0
54	0	table-1273-502	0
54	0	table-1634-953	0
54	0	table-1644-471	0
54	0	table-0115-440	0
54	0	table-0455-593	0
54	0	table-1208-520	0
54	0	table-0090-633	0
54	0	table-1271-941	0
54	0	table-1625-997	0
55	0	table-0905-211	2
55	0	table-0905-212	2
55	0	table-0259-714	2
55	0	table-0378-500	1
55	0	table-1356-971	1
55	0	table-1370-150	1
55	0	table-1370-151	1
55	0	table-1015-954	1
55	0	table-0253-421	1
55	0	table-0798-652	1
55	0	table-0480-973	1
55	0	table-1605-266	1
55	0	table-0107-797	1
55	0	table-0634-466	1
55	0	table-0808-950	1
55	0	table-0553-825	0
55	0	table-1444-13	0
55	0	table-0262-856	0
55	0	table-1615-647	0
55	0	table-0594-743	0
55	0	table-1370-152	0
55	0	table-1370-149	0
55	0	table-0515-79	0
55	0	table-1179-842	0
55	0	table-0366-503	0
55	0	table-0839-715	0
55	0	table-1526-626	0
55	0	table-0489-746	0
55	0	table-1265-769	0
55	0	table-1565-115	0
55	0	table-1411-1000	0
55	0	table-0735-217	0
55	0	table-1050-634	0
55	0	table-0893-735	0
55	0	table-0525-331	0
55	0	table-0876-250	0
55	0	table-1531-703	0
55	0	table-1611-612	0
55	0	table-0921-369	0
55	0	table-1018-214	0
55	0	table-1445-868	0
55	0	table-0510-564	0
55	0	table-1144-714	0
55	0	table-0067-64	0
55	0	table-1439-698	0
56	0	table-0514-315	2
56	0	table-0514-321	2
56	0	table-0546-964	2
56	0	table-0805-12	2
56	0	table-1448-80	2
56	0	table-0548-553	2
56	0	table-0546-965	2
56	0	table-0546-963	2
56	0	table-0548-554	2
56	0	table-0514-566	2
56	0	table-1479-565	1
56	0	table-1559-591	0
56	0	table-0378-117	0
56	0	table-1114-461	0
56	0	table-1055-666	0
56	0	table-0798-22	0
56	0	table-1436-698	0
56	0	table-1510-622	0
56	0	table-0824-237	0
56	0	table-0527-784	0
56	0	table-0528-368	0
56	0	table-1123-797	0
56	0	table-0413-661	0
56	0	table-1087-295	0
56	0	table-0204-34	0
56	0	table-1651-371	0
56	0	table-1425-688	0
56	0	table-0325-345	0
56	0	table-0435-533	0
56	0	table-1181-620	0
56	0	table-0514-268	0
56	0	table-1177-208	0
56	0	table-1265-636	0
56	0	table-0049-13	0
56	0	table-0508-705	0
56	0	table-0702-81	0
56	0	table-0538-335	0
56	0	table-0839-717	0
56	0	table-1449-405	0
56	0	table-0089-703	0
56	0	table-0447-504	0
56	0	table-0234-862	0
56	0	table-1020-271	0
56	0	table-1223-3	0
56	0	table-0587-945	0
56	0	table-0549-323	0
56	0	table-1384-439	0
56	0	table-1565-856	0
56	0	table-1643-422	0
56	0	table-0092-395	0
56	0	table-0088-841	0
56	0	table-0152-683	0
56	0	table-0279-851	0
56	0	table-1427-676	0
56	0	table-1450-964	0
56	0	table-0151-825	0
57	0	table-1603-678	1
57	0	table-1098-540	1
57	0	table-1473-105	0
57	0	table-1473-104	0
57	0	table-1542-271	0
57	0	table-0814-276	0
57	0	table-1316-990	0
57	0	table-1421-84	0
57	0	table-1631-669	0
57	0	table-0212-252	0
57	0	table-0212-251	0
57	0	table-1179-84	0
57	0	table-0634-326	0
57	0	table-0634-164	0
57	0	table-0942-947	0
57	0	table-1333-146	0
57	0	table-0976-487	0
57	0	table-0623-789	0
57	0	table-0598-633	0
57	0	table-0760-684	0
57	0	table-1638-681	0
57	0	table-0211-555	0
57	0	table-0212-250	0
57	0	table-0834-347	0
57	0	table-0884-248	0
57	0	table-0875-544	0
57	0	table-0683-807	0
57	0	table-0576-735	0
57	0	table-1505-632	0
57	0	table-1603-684	0
57	0	table-0838-403	0
57	0	table-0817-899	0
57	0	table-1594-454	0
57	0	table-0443-553	0
57	0	table-0688-291	0
57	0	table-0507-188	0
57	0	table-1601-713	0
57	0	table-0094-982	0
57	0	table-0001-459	0
57	0	table-0371-571	0
57	0	table-1107-14	0
57	0	table-1473-106	0
57	0	table-0539-362	0
57	0	table-1551-849	0
57	0	table-0221-888	0
57	0	table-1356-645	0
57	0	table-0895-528	0
57	0	table-0062-134	0
57	0	table-1611-666	0
57	0	table-0313-377	0
57	0	table-0838-400	0
57	0	table-1547-841	0
57	0	table-0907-558	0
57	0	table-0907-688	0
57	0	table-0144-708	0
58	0	table-0721-948	1
58	0	table-1311-373	1
58	0	table-1356-303	1
58	0	table-0721-949	1
58	0	table-0817-634	1
58	0	table-1154-432	1
58	0	table-0651-51	1
58	0	table-1599-633	0
58	0	table-0071-586	0
58	0	table-1020-413	0
58	0	table-1385-697	0
58	0	table-0104-128	0
58	0	table-0309-204	0
58	0	table-0588-974	0
58	0	table-0241-911	0
58	0	table-0302-402	0
58	0	table-0870-605	0
58	0	table-1245-800	0
58	0	table-1446-783	0
58	0	table-0043-845	0
58	0	table-1546-518	0
58	0	table-0377-962	0
58	0	table-0085-87	0
58	0	table-1620-672	0
58	0	table-1127-239	0
58	0	table-1127-243	0
58	0	table-1645-349	0
58	0	table-0066-738	0
58	0	table-0066-732	0
58	0	table-0127-751	0
58	0	table-0232-342	0
58	0	table-1337-950	0
58	0	table-1403-218	0
58	0	table-0306-263	0
58	0	table-1025-163	0
58	0	table-0146-957	0
58	0	table-1516-940	0
58	0	table-1573-376	0
58	0	table-1598-404	0
58	0	table-1615-763	0
58	0	table-1648-492	0
58	0	table-0921-670	0
58	0	table-0596-476	0
58	0	table-0806-10	0
58	0	table-0596-478	0
58	0	table-0293-842	0
58	0	table-1288-783	0
58	0	table-0978-10	0
58	0	table-1238-589	0
58	0	table-1189-902	0
58	0	table-0606-7	0
58	0	table-1361-246	0
58	0	table-0462-618	0
58	0	table-1291-440	0
58	0	table-1606-648	0
58	0	table-0274-65	0
58	0	table-0547-658	0
58	0	table-0967-600	0
58	0	table-0627-582	0
58	0	table-0837-518	0
58	0	table-1091-792	0
59	0	table-1219-20	2
59	0	table-1437-680	1
59	0	table-1264-76	1
59	0	table-1542-143	1
59	0	table-1113-680	1
59	0	table-1421-433	1
59	0	table-1627-819	1
59	0	table-0228-438	1
59	0	table-1421-438	1
59	0	table-1054-794	1
59	0	table-1542-144	1
59	0	table-1621-797	1
59	0	table-1490-102	1
59	0	table-0177-367	0
59	0	table-1628-806	0
59	0	table-1406-678	0
59	0	table-0111-196	0
59	0	table-1385-116	0
59	0	table-1524-552	0
59	0	table-0151-850	0
59	0	table-0063-984	0
59	0	table-0474-103	0
59	0	table-0722-460	0
59	0	table-0508-570	0
59	0	table-1088-407	0
59	0	table-1384-963	0
59	0	table-0801-851	0
59	0	table-0771-7	0
59	0	table-0771-8	0
59	0	table-0833-662	0
59	0	table-0530-634	0
59	0	table-0478-50	0
59	0	table-0859-400	0
59	0	table-1488-994	0
59	0	table-1592-662	0
59	0	table-0361-506	0
59	0	table-0587-398	0
59	0	table-0819-437	0
59	0	table-0819-414	0
59	0	table-0819-430	0
59	0	table-0819-383	0
59	0	table-0073-146	0
59	0	table-0043-587	0
59	0	table-0983-581	0
59	0	table-1357-701	0
59	0	table-0819-329	0
59	0	table-0818-856	0
59	0	table-1413-309	0
59	0	table-1643-857	0
59	0	table-0285-954	0
59	0	table-0086-893	0
60	0	table-0379-27	2
60	0	table-0604-281	2
60	0	table-0497-384	2
60	0	table-1279-578	2
60	0	table-0030-123	2
60	0	table-0872-44	2
60	0	table-0221-887	2
60	0	table-0609-879	2
60	0	table-0831-590	1
60	0	table-1464-4	1
60	0	table-0902-57	1
60	0	table-1353-328	1
60	0	table-1376-550	1
60	0	table-0119-465	1
60	0	table-1053-407	1
60	0	table-1130-645	0
60	0	table-1604-834	0
60	0	table-1030-553	0
60	0	table-0243-807	0
60	0	table-1052-957	0
60	0	table-1030-552	0
60	0	table-1568-191	0
60	0	table-1526-545	0
60	0	table-1052-535	0
60	0	table-0877-317	0
60	0	table-0440-409	0
60	0	table-0245-966	0
60	0	table-1577-496	0
60	0	table-0249-823	0
60	0	table-0631-702	0
60	0	table-0478-203	0
60	0	table-0631-736	0
60	0	table-0633-791	0
60	0	table-0662-561	0
60	0	table-0820-938	0
60	0	table-0631-733	0
60	0	table-0631-734	0
60	0	table-0658-49	0
60	0	table-0631-817	0
60	0	table-0635-160	0
60	0	table-0633-768	0
60	0	table-0604-492	0
60	0	table-0631-704	0
60	0	table-0632-243	0
60	0	table-1389-290	0
60	0	table-0180-80	0
60	0	table-0817-899	0
60	0	table-0836-976	0
