1	0	table-0370-614	2
1	0	table-0389-400	2
1	0	table-0125-805	2
1	0	table-1042-895	1
1	0	table-0255-236	1
1	0	table-0904-852	1
1	0	table-0914-101	1
1	0	table-0037-411	1
1	0	table-0552-510	1
1	0	table-0875-680	0
1	0	table-1020-619	0
1	0	table-0288-531	0
1	0	table-0288-530	0
1	0	table-1000-57	0
1	0	table-1423-774	0
1	0	table-0839-987	0
1	0	table-1203-836	0
1	0	table-1203-868	0
1	0	table-0063-827	0
1	0	table-1071-345	0
1	0	table-0216-976	0
1	0	table-0216-970	0
1	0	table-1391-8	0
1	0	table-0377-686	0
1	0	table-0730-168	0
1	0	table-0554-923	0
1	0	table-0552-511	0
1	0	table-1402-139	0
1	0	table-0998-242	0
1	0	table-0533-191	0
1	0	table-0507-876	0
1	0	table-0998-240	0
1	0	table-0998-43	0
1	0	table-0997-806	0
1	0	table-0424-979	0
1	0	table-0464-505	0
1	0	table-1049-763	0
1	0	table-0031-203	0
1	0	table-1049-718	0
1	0	table-0168-741	0
1	0	table-0060-37	0
1	0	table-1049-723	0
1	0	table-0823-471	0
1	0	table-1049-725	0
1	0	table-1462-893	0
1	0	table-1049-749	0
1	0	table-0749-810	0
1	0	table-1452-662	0
1	0	table-1470-745	0
1	0	table-1138-576	0
1	0	table-0781-227	0
1	0	table-1318-690	0
1	0	table-1260-774	0
1	0	table-0165-510	0
1	0	table-1266-875	0
1	0	table-0914-103	0
1	0	table-1248-402	0
1	0	table-0354-778	0
1	0	table-0707-517	0
1	0	table-0189-66	0
2	0	table-1578-197	2
2	0	table-1408-870	2
2	0	table-1408-871	2
2	0	table-1408-869	2
2	0	table-0517-363	1
2	0	table-0517-237	1
2	0	table-0620-231	1
2	0	table-0391-82	1
2	0	table-0092-846	1
2	0	table-0876-75	1
2	0	table-0346-771	1
2	0	table-0396-316	1
2	0	table-0396-314	1
2	0	table-0396-317	1
2	0	table-0396-315	1
2	0	table-0395-845	1
2	0	table-0552-593	1
2	0	table-0915-390	1
2	0	table-1038-905	1
2	0	table-1621-634	1
2	0	table-0398-518	1
2	0	table-1600-861	1
2	0	table-0346-14	1
2	0	table-0331-42	1
2	0	table-1552-729	1
2	0	table-0654-76	1
2	0	table-0379-471	1
2	0	table-0371-307	1
2	0	table-1047-58	1
2	0	table-1564-439	1
2	0	table-0406-134	1
2	0	table-0223-565	1
2	0	table-0386-945	1
2	0	table-0562-150	1
2	0	table-0899-793	1
2	0	table-1408-874	1
2	0	table-0367-57	0
2	0	table-0530-747	0
2	0	table-0891-125	0
2	0	table-0938-613	0
2	0	table-1064-455	0
2	0	table-0384-730	0
2	0	table-1064-381	0
2	0	table-1047-143	0
2	0	table-1047-140	0
2	0	table-1047-153	0
2	0	table-0938-612	0
2	0	table-1064-402	0
2	0	table-1064-384	0
2	0	table-1064-451	0
2	0	table-1064-388	0
2	0	table-0938-969	0
2	0	table-1064-447	0
2	0	table-1629-769	0
2	0	table-0391-689	0
2	0	table-1145-422	0
2	0	table-0218-15	0
2	0	table-0223-179	0
2	0	table-1145-440	0
2	0	table-1574-263	0
2	0	table-1186-590	0
3	0	table-1254-979	2
3	0	table-1275-187	2
3	0	table-0005-921	1
3	0	table-0005-922	1
3	0	table-0005-924	1
3	0	table-0005-923	1
3	0	table-0258-207	1
3	0	table-0005-927	1
3	0	table-0005-925	1
3	0	table-0005-926	1
3	0	table-0483-357	1
3	0	table-0009-475	1
3	0	table-0990-862	1
3	0	table-0312-107	0
3	0	table-1061-706	0
3	0	table-0287-961	0
3	0	table-0257-866	0
3	0	table-0016-438	0
3	0	table-0928-773	0
3	0	table-1060-869	0
3	0	table-1435-370	0
3	0	table-0100-835	0
3	0	table-0282-248	0
3	0	table-0264-280	0
3	0	table-0110-38	0
3	0	table-0100-834	0
3	0	table-0100-833	0
3	0	table-0327-490	0
3	0	table-1245-278	0
3	0	table-1245-277	0
3	0	table-1284-743	0
3	0	table-1209-300	0
3	0	table-0168-817	0
3	0	table-0676-796	0
3	0	table-0584-496	0
3	0	table-1137-280	0
3	0	table-0909-908	0
3	0	table-1616-460	0
3	0	table-1438-931	0
3	0	table-0523-299	0
3	0	table-1492-789	0
3	0	table-0564-300	0
3	0	table-0007-837	0
3	0	table-0187-658	0
3	0	table-1546-808	0
4	0	table-1417-149	2
4	0	table-1417-138	2
4	0	table-1417-137	2
4	0	table-1417-135	2
4	0	table-1417-136	2
4	0	table-1417-144	2
4	0	table-1417-141	2
4	0	table-1417-139	2
4	0	table-1417-145	2
4	0	table-1417-146	2
4	0	table-1417-143	2
4	0	table-1417-140	2
4	0	table-1417-134	2
4	0	table-1417-142	2
4	0	table-1417-147	2
4	0	table-1511-87	2
4	0	table-1511-85	2
4	0	table-1511-82	2
4	0	table-1511-78	2
4	0	table-1511-81	2
4	0	table-1511-79	2
4	0	table-1511-84	2
4	0	table-1511-80	2
4	0	table-1511-86	2
4	0	table-1511-77	2
4	0	table-1511-83	2
4	0	table-0264-473	2
4	0	table-1417-148	1
4	0	table-0056-581	0
4	0	table-1524-733	0
4	0	table-0983-978	0
4	0	table-0020-478	0
4	0	table-0285-122	0
4	0	table-0504-474	0
4	0	table-0817-919	0
4	0	table-0424-537	0
4	0	table-0598-531	0
4	0	table-1181-159	0
4	0	table-0283-329	0
4	0	table-0246-812	0
4	0	table-0344-892	0
4	0	table-0046-647	0
4	0	table-1162-118	0
4	0	table-0220-359	0
4	0	table-0285-127	0
4	0	table-1602-196	0
4	0	table-1487-841	0
4	0	table-0351-52	0
4	0	table-0494-248	0
4	0	table-0962-711	0
4	0	table-1407-748	0
4	0	table-0610-364	0
4	0	table-1034-621	0
4	0	table-0082-138	0
4	0	table-1069-815	0
4	0	table-0082-136	0
4	0	table-0453-683	0
5	0	table-1530-281	2
5	0	table-0452-375	2
5	0	table-1444-333	1
5	0	table-1264-72	1
5	0	table-1088-407	1
5	0	table-0600-601	1
5	0	table-0600-600	1
5	0	table-1599-557	1
5	0	table-0600-606	1
5	0	table-0600-605	1
5	0	table-0600-604	1
5	0	table-0299-460	0
5	0	table-1579-1000	0
5	0	table-1647-516	0
5	0	table-1424-83	0
5	0	table-1595-516	0
5	0	table-1421-60	0
5	0	table-1421-59	0
5	0	table-0735-615	0
5	0	table-0407-989	0
5	0	table-1499-275	0
5	0	table-1465-272	0
5	0	table-1633-834	0
5	0	table-1088-409	0
5	0	table-0986-401	0
5	0	table-0730-513	0
5	0	table-1117-191	0
5	0	table-0702-591	0
5	0	table-1513-956	0
5	0	table-1385-549	0
5	0	table-0174-731	0
5	0	table-0513-19	0
5	0	table-0604-203	0
5	0	table-1371-139	0
5	0	table-1412-411	0
5	0	table-1455-559	0
5	0	table-0218-113	0
5	0	table-1293-70	0
5	0	table-0507-619	0
5	0	table-1241-882	0
5	0	table-1502-478	0
5	0	table-0447-729	0
5	0	table-0094-799	0
5	0	table-1456-444	0
5	0	table-1038-539	0
5	0	table-1143-49	0
5	0	table-1258-614	0
5	0	table-0248-862	0
5	0	table-1626-482	0
6	0	table-1495-660	1
6	0	table-1370-780	1
6	0	table-1280-419	1
6	0	table-1495-661	1
6	0	table-0364-358	1
6	0	table-1421-346	1
6	0	table-1488-888	1
6	0	table-0349-707	1
6	0	table-0386-340	1
6	0	table-0313-748	1
6	0	table-0402-824	1
6	0	table-1588-343	0
6	0	table-0008-994	0
6	0	table-1393-929	0
6	0	table-1393-928	0
6	0	table-1327-370	0
6	0	table-1560-416	0
6	0	table-0708-8	0
6	0	table-1228-309	0
6	0	table-0094-625	0
6	0	table-0417-973	0
6	0	table-1327-739	0
6	0	table-0878-982	0
6	0	table-1506-649	0
6	0	table-0417-972	0
6	0	table-0088-509	0
6	0	table-0729-805	0
6	0	table-1359-957	0
6	0	table-0553-650	0
6	0	table-0135-490	0
6	0	table-0720-762	0
6	0	table-1409-927	0
6	0	table-0699-968	0
6	0	table-1650-173	0
6	0	table-1352-879	0
6	0	table-0551-196	0
6	0	table-1578-829	0
6	0	table-1008-856	0
6	0	table-1631-532	0
6	0	table-0722-993	0
6	0	table-0329-28	0
6	0	table-1504-542	0
6	0	table-1234-564	0
6	0	table-1464-266	0
6	0	table-1294-312	0
6	0	table-0832-490	0
6	0	table-0149-220	0
6	0	table-0085-402	0
6	0	table-0609-321	0
6	0	table-1150-549	0
7	0	table-0406-281	2
7	0	table-0289-553	0
7	0	table-0890-878	0
7	0	table-0289-556	0
7	0	table-0453-279	0
7	0	table-0678-625	0
7	0	table-1219-416	0
7	0	table-0870-141	0
7	0	table-0289-558	0
7	0	table-0289-557	0
7	0	table-0048-583	0
7	0	table-0679-415	0
7	0	table-1646-24	0
7	0	table-0127-274	0
7	0	table-0519-449	0
7	0	table-1016-914	0
7	0	table-1100-272	0
7	0	table-1582-619	0
7	0	table-0829-105	0
7	0	table-0291-159	0
7	0	table-0033-959	0
7	0	table-1437-805	0
7	0	table-1492-675	0
7	0	table-0678-627	0
7	0	table-0048-582	0
7	0	table-0048-575	0
7	0	table-0048-585	0
7	0	table-1485-305	0
7	0	table-1401-117	0
7	0	table-0261-275	0
7	0	table-1056-349	0
7	0	table-1344-229	0
7	0	table-1417-774	0
7	0	table-0453-280	0
7	0	table-0776-561	0
7	0	table-1355-662	0
7	0	table-1594-2	0
7	0	table-0773-683	0
7	0	table-1375-849	0
7	0	table-1027-955	0
7	0	table-0517-282	0
7	0	table-0415-464	0
7	0	table-0765-999	0
7	0	table-0824-358	0
7	0	table-0289-554	0
7	0	table-0592-701	0
7	0	table-1460-510	0
7	0	table-0155-146	0
7	0	table-1100-274	0
7	0	table-0367-173	0
7	0	table-1420-90	0
7	0	table-0266-218	0
7	0	table-0692-77	0
7	0	table-1367-872	0
7	0	table-1211-1000	0
7	0	table-0480-276	0
7	0	table-1420-89	0
8	0	table-1610-48	2
8	0	table-0145-207	2
8	0	table-0633-54	1
8	0	table-1358-28	1
8	0	table-0044-50	1
8	0	table-0176-187	1
8	0	table-1389-264	1
8	0	table-1389-263	1
8	0	table-0177-459	1
8	0	table-1389-262	1
8	0	table-1509-515	1
8	0	table-0633-57	0
8	0	table-0858-955	0
8	0	table-0249-249	0
8	0	table-1272-540	0
8	0	table-1388-136	0
8	0	table-0570-605	0
8	0	table-1125-871	0
8	0	table-0366-991	0
8	0	table-0173-720	0
8	0	table-0877-55	0
8	0	table-1163-200	0
8	0	table-0628-491	0
8	0	table-0014-798	0
8	0	table-0461-640	0
8	0	table-0859-564	0
8	0	table-0569-730	0
8	0	table-0298-767	0
8	0	table-0316-849	0
8	0	table-0676-796	0
8	0	table-1310-1	0
8	0	table-1478-421	0
8	0	table-0359-356	0
8	0	table-1492-769	0
8	0	table-0022-251	0
8	0	table-0204-321	0
8	0	table-0205-562	0
8	0	table-0410-847	0
8	0	table-0625-924	0
8	0	table-0125-915	0
8	0	table-0383-873	0
8	0	table-0335-195	0
8	0	table-0363-804	0
8	0	table-1009-917	0
8	0	table-0892-324	0
8	0	table-1408-857	0
8	0	table-1408-936	0
9	0	table-0601-200	2
9	0	table-0601-201	2
9	0	table-1619-337	2
9	0	table-1619-336	2
9	0	table-0600-579	2
9	0	table-0601-199	1
9	0	table-0371-315	1
9	0	table-0371-314	1
9	0	table-1415-938	0
9	0	table-0731-979	0
9	0	table-0550-41	0
9	0	table-1276-195	0
9	0	table-0786-423	0
9	0	table-1376-661	0
9	0	table-1402-475	0
9	0	table-1402-476	0
9	0	table-0132-349	0
9	0	table-0148-456	0
9	0	table-1627-471	0
9	0	table-0326-223	0
9	0	table-0436-667	0
9	0	table-1286-2	0
9	0	table-0321-578	0
9	0	table-0430-782	0
9	0	table-0336-541	0
9	0	table-0538-779	0
9	0	table-1628-214	0
9	0	table-0383-921	0
9	0	table-0585-98	0
9	0	table-0824-357	0
9	0	table-0223-889	0
9	0	table-0513-709	0
9	0	table-0913-744	0
9	0	table-1050-420	0
9	0	table-0378-248	0
9	0	table-1005-920	0
9	0	table-0848-924	0
9	0	table-1050-421	0
9	0	table-0035-755	0
9	0	table-1243-885	0
9	0	table-1524-764	0
9	0	table-0773-395	0
9	0	table-1050-416	0
9	0	table-1086-535	0
9	0	table-0599-803	0
9	0	table-1403-409	0
9	0	table-0471-463	0
9	0	table-0947-650	0
9	0	table-0123-459	0
10	0	table-1384-653	2
10	0	table-0152-596	2
10	0	table-1387-237	2
10	0	table-1384-649	2
10	0	table-1384-651	2
10	0	table-1091-421	1
10	0	table-1384-652	1
10	0	table-1384-654	1
10	0	table-0384-350	1
10	0	table-0384-349	1
10	0	table-0384-352	1
10	0	table-0384-348	1
10	0	table-0384-354	1
10	0	table-0384-351	1
10	0	table-0921-716	1
10	0	table-1322-966	0
10	0	table-0984-275	0
10	0	table-0263-445	0
10	0	table-0909-884	0
10	0	table-0594-686	0
10	0	table-1003-767	0
10	0	table-0854-910	0
10	0	table-1398-928	0
10	0	table-0512-745	0
10	0	table-1098-252	0
10	0	table-0201-222	0
10	0	table-0076-117	0
10	0	table-0952-32	0
10	0	table-1368-481	0
10	0	table-0200-794	0
10	0	table-0623-476	0
10	0	table-0305-680	0
10	0	table-0361-259	0
10	0	table-0687-346	0
10	0	table-0999-850	0
10	0	table-1462-369	0
10	0	table-0872-546	0
10	0	table-0791-274	0
10	0	table-0022-84	0
11	0	table-0891-868	2
11	0	table-1016-927	1
11	0	table-1622-305	0
11	0	table-1574-248	0
11	0	table-1482-244	0
11	0	table-0763-39	0
11	0	table-0891-869	0
11	0	table-0362-968	0
11	0	table-0754-278	0
11	0	table-0028-393	0
11	0	table-0243-839	0
11	0	table-1579-543	0
11	0	table-1385-519	0
11	0	table-1518-448	0
11	0	table-1501-924	0
11	0	table-1526-947	0
11	0	table-1581-285	0
11	0	table-1416-411	0
11	0	table-1580-639	0
11	0	table-1583-903	0
11	0	table-1281-790	0
11	0	table-0279-349	0
11	0	table-1577-310	0
11	0	table-1577-296	0
11	0	table-0156-164	0
11	0	table-0265-529	0
11	0	table-1479-56	0
11	0	table-1479-55	0
11	0	table-1423-213	0
11	0	table-0307-832	0
11	0	table-0272-47	0
11	0	table-0272-57	0
11	0	table-0272-55	0
11	0	table-1376-554	0
11	0	table-0179-26	0
11	0	table-1080-516	0
11	0	table-1196-913	0
11	0	table-0872-375	0
11	0	table-0754-22	0
11	0	table-1111-100	0
11	0	table-0791-58	0
11	0	table-1527-7	0
11	0	table-1528-556	0
11	0	table-0463-371	0
11	0	table-0487-788	0
11	0	table-1445-112	0
11	0	table-0167-266	0
11	0	table-0497-597	0
11	0	table-1409-125	0
11	0	table-0410-214	0
11	0	table-1627-735	0
11	0	table-0313-781	0
11	0	table-1196-415	0
11	0	table-1283-492	0
11	0	table-0951-285	0
11	0	table-0951-286	0
11	0	table-1383-130	0
11	0	table-1256-358	0
12	0	table-1591-155	0
12	0	table-0263-75	0
12	0	table-1603-50	0
12	0	table-0256-406	0
12	0	table-1520-42	0
12	0	table-0972-522	0
12	0	table-0274-337	0
12	0	table-1520-40	0
12	0	table-1016-408	0
12	0	table-0943-565	0
12	0	table-0274-499	0
12	0	table-1420-566	0
12	0	table-1596-10	0
12	0	table-0004-229	0
12	0	table-1535-319	0
12	0	table-1536-952	0
12	0	table-0066-658	0
12	0	table-1609-737	0
12	0	table-1609-720	0
12	0	table-1580-56	0
12	0	table-0969-18	0
12	0	table-0233-443	0
12	0	table-1315-700	0
12	0	table-1506-431	0
12	0	table-0154-371	0
12	0	table-0016-922	0
12	0	table-0159-635	0
12	0	table-0146-573	0
12	0	table-0012-373	0
12	0	table-1653-388	0
12	0	table-1028-382	0
12	0	table-1581-129	0
12	0	table-1581-128	0
12	0	table-1426-457	0
12	0	table-0017-770	0
12	0	table-0003-319	0
12	0	table-0775-559	0
12	0	table-0029-940	0
12	0	table-0137-745	0
12	0	table-1581-127	0
12	0	table-0883-596	0
12	0	table-0645-130	0
12	0	table-1119-799	0
12	0	table-1204-834	0
12	0	table-0831-904	0
12	0	table-1290-247	0
12	0	table-1638-815	0
12	0	table-0077-563	0
12	0	table-0880-401	0
12	0	table-1398-760	0
12	0	table-0146-574	0
12	0	table-1230-725	0
13	0	table-1647-839	2
13	0	table-0263-444	2
13	0	table-1320-890	2
13	0	table-0072-231	2
13	0	table-1365-737	2
13	0	table-1447-381	2
13	0	table-1640-284	2
13	0	table-1447-380	2
13	0	table-0311-394	2
13	0	table-0482-24	2
13	0	table-1613-935	2
13	0	table-1515-997	2
13	0	table-1597-359	1
13	0	table-1636-388	1
13	0	table-1389-782	1
13	0	table-0686-862	1
13	0	table-1545-121	1
13	0	table-0311-393	1
13	0	table-1574-853	1
13	0	table-0129-161	1
13	0	table-0408-468	1
13	0	table-0204-990	1
13	0	table-0610-56	1
13	0	table-0925-91	1
13	0	table-1627-178	1
13	0	table-1475-381	1
13	0	table-1470-660	1
13	0	table-0926-676	1
13	0	table-0716-591	1
13	0	table-1428-624	1
13	0	table-0674-36	1
13	0	table-0559-42	1
13	0	table-1320-888	1
13	0	table-1243-683	1
13	0	table-1075-197	1
13	0	table-0459-41	1
13	0	table-1446-338	1
13	0	table-1602-180	1
13	0	table-1602-178	1
13	0	table-0578-300	1
13	0	table-1604-677	0
13	0	table-1600-333	0
13	0	table-1648-418	0
13	0	table-1036-133	0
13	0	table-1607-472	0
13	0	table-0690-529	0
13	0	table-0148-721	0
13	0	table-1536-292	0
14	0	table-1281-687	2
14	0	table-0354-325	1
14	0	table-1579-731	1
14	0	table-1009-255	0
14	0	table-1023-380	0
14	0	table-1344-657	0
14	0	table-1344-665	0
14	0	table-0833-423	0
14	0	table-1250-339	0
14	0	table-0833-422	0
14	0	table-1392-358	0
14	0	table-0596-735	0
14	0	table-1389-751	0
14	0	table-1277-865	0
14	0	table-0407-338	0
14	0	table-1277-863	0
14	0	table-0259-660	0
14	0	table-1317-894	0
14	0	table-1317-895	0
14	0	table-1627-322	0
14	0	table-1627-323	0
14	0	table-1410-164	0
14	0	table-0149-434	0
14	0	table-0534-18	0
14	0	table-1638-764	0
14	0	table-0336-536	0
14	0	table-0386-471	0
14	0	table-1647-73	0
14	0	table-1621-415	0
14	0	table-0320-55	0
14	0	table-1349-928	0
14	0	table-1569-906	0
14	0	table-0352-129	0
14	0	table-1270-566	0
14	0	table-1509-303	0
14	0	table-1350-486	0
14	0	table-1277-861	0
14	0	table-1358-137	0
14	0	table-0503-892	0
14	0	table-0200-884	0
14	0	table-0167-679	0
14	0	table-0370-691	0
14	0	table-1553-694	0
14	0	table-0297-285	0
14	0	table-1361-950	0
14	0	table-0439-233	0
14	0	table-0896-9	0
14	0	table-0311-105	0
14	0	table-0439-234	0
14	0	table-0735-99	0
14	0	table-0735-95	0
14	0	table-0279-830	0
14	0	table-0392-579	0
14	0	table-1579-348	0
14	0	table-1381-877	0
14	0	table-1012-845	0
14	0	table-1012-862	0
15	0	table-1413-648	2
15	0	table-0312-74	2
15	0	table-0312-63	2
15	0	table-0312-73	2
15	0	table-0312-67	2
15	0	table-0312-62	2
15	0	table-0367-101	2
15	0	table-0312-46	2
15	0	table-0312-53	2
15	0	table-0312-60	2
15	0	table-0312-45	2
15	0	table-0312-44	2
15	0	table-0312-31	2
15	0	table-0312-48	2
15	0	table-0312-4	2
15	0	table-0312-70	2
15	0	table-0311-917	2
15	0	table-0311-929	2
15	0	table-0311-822	2
15	0	table-0080-632	2
15	0	table-0842-845	2
15	0	table-1413-655	2
15	0	table-1413-649	2
15	0	table-1413-652	2
15	0	table-0311-811	2
15	0	table-0312-29	2
15	0	table-0311-930	2
15	0	table-0311-758	2
15	0	table-0311-782	2
15	0	table-0311-996	2
15	0	table-1289-865	2
15	0	table-0586-830	2
15	0	table-0196-599	2
15	0	table-0228-346	2
15	0	table-0586-829	2
15	0	table-0352-848	2
15	0	table-1247-798	2
15	0	table-1107-806	2
15	0	table-1014-3	2
15	0	table-0312-32	2
15	0	table-1247-799	2
15	0	table-0306-942	2
15	0	table-0308-599	2
15	0	table-0310-209	2
15	0	table-1332-348	2
15	0	table-0960-733	1
15	0	table-1488-934	0
15	0	table-0664-208	0
15	0	table-1471-514	0
15	0	table-1221-853	0
15	0	table-1003-513	0
16	0	table-0172-991	2
16	0	table-0401-729	2
16	0	table-1180-888	2
16	0	table-0766-472	2
16	0	table-1424-415	2
16	0	table-0056-298	2
16	0	table-0949-855	2
16	0	table-0336-744	2
16	0	table-0704-620	2
16	0	table-0431-12	2
16	0	table-0523-269	1
16	0	table-1441-100	0
16	0	table-1573-732	0
16	0	table-1515-757	0
16	0	table-0633-236	0
16	0	table-0824-528	0
16	0	table-0686-595	0
16	0	table-0715-118	0
16	0	table-1014-746	0
16	0	table-1050-354	0
16	0	table-1084-897	0
16	0	table-1037-965	0
16	0	table-0478-947	0
16	0	table-0474-713	0
16	0	table-0811-503	0
16	0	table-0636-349	0
16	0	table-1014-879	0
16	0	table-0854-616	0
16	0	table-0853-865	0
16	0	table-0657-752	0
16	0	table-0577-158	0
16	0	table-1347-616	0
16	0	table-0705-117	0
16	0	table-1039-839	0
16	0	table-0504-737	0
16	0	table-1007-407	0
16	0	table-0709-400	0
16	0	table-0096-57	0
16	0	table-0631-595	0
16	0	table-0321-895	0
16	0	table-1102-154	0
16	0	table-1227-815	0
16	0	table-1169-545	0
16	0	table-1081-844	0
17	0	table-1442-88	2
17	0	table-1571-18	2
17	0	table-1442-99	2
17	0	table-1442-91	2
17	0	table-1442-96	2
17	0	table-1554-655	2
17	0	table-0677-684	2
17	0	table-1442-92	2
17	0	table-1442-78	2
17	0	table-1442-90	2
17	0	table-1442-89	2
17	0	table-0140-687	1
17	0	table-0349-674	1
17	0	table-1309-776	1
17	0	table-0861-544	1
17	0	table-0089-934	0
17	0	table-1027-78	0
17	0	table-1564-931	0
17	0	table-0994-146	0
17	0	table-1216-304	0
17	0	table-1049-769	0
17	0	table-0405-96	0
17	0	table-0160-841	0
17	0	table-1007-884	0
17	0	table-0378-190	0
17	0	table-1617-690	0
17	0	table-1258-777	0
17	0	table-1358-6	0
17	0	table-1364-568	0
17	0	table-0160-842	0
17	0	table-1365-564	0
17	0	table-0587-475	0
17	0	table-1365-563	0
17	0	table-0378-62	0
17	0	table-1430-207	0
17	0	table-0255-227	0
17	0	table-0961-397	0
17	0	table-1051-597	0
17	0	table-1637-331	0
17	0	table-0954-674	0
17	0	table-1503-464	0
17	0	table-0855-755	0
17	0	table-0890-208	0
17	0	table-0265-50	0
17	0	table-0674-727	0
17	0	table-1347-281	0
17	0	table-1499-448	0
17	0	table-0281-531	0
17	0	table-0619-423	0
17	0	table-0313-519	0
17	0	table-1359-354	0
17	0	table-0158-962	0
17	0	table-0232-667	0
17	0	table-0653-392	0
17	0	table-1529-721	0
17	0	table-0541-198	0
17	0	table-1027-79	0
17	0	table-1283-171	0
18	0	table-0884-203	2
18	0	table-1515-871	2
18	0	table-0024-849	2
18	0	table-0024-850	2
18	0	table-0024-851	2
18	0	table-0024-852	2
18	0	table-0650-180	2
18	0	table-1650-553	2
18	0	table-0884-202	2
18	0	table-0650-177	2
18	0	table-0239-407	2
18	0	table-0871-314	2
18	0	table-0650-178	2
18	0	table-0650-179	2
18	0	table-1134-978	2
18	0	table-0826-552	2
18	0	table-0587-437	2
18	0	table-0588-897	2
18	0	table-1526-870	2
18	0	table-0899-963	2
18	0	table-0575-375	2
18	0	table-0575-346	2
18	0	table-1526-869	2
18	0	table-0575-330	2
18	0	table-1526-873	2
18	0	table-0588-469	2
18	0	table-0575-338	2
18	0	table-1526-871	2
18	0	table-1134-830	2
18	0	table-0493-911	2
18	0	table-0148-534	1
18	0	table-0757-699	1
18	0	table-1526-875	1
18	0	table-0494-402	1
18	0	table-0016-437	0
18	0	table-0176-451	0
18	0	table-0307-810	0
18	0	table-1648-90	0
18	0	table-0016-334	0
18	0	table-1068-261	0
18	0	table-1060-400	0
18	0	table-1014-375	0
18	0	table-0735-5	0
18	0	table-1587-556	0
18	0	table-0286-985	0
18	0	table-0328-61	0
18	0	table-0257-265	0
19	0	table-1604-500	2
19	0	table-0837-242	2
19	0	table-0836-302	2
19	0	table-0836-301	2
19	0	table-0853-133	2
19	0	table-0578-304	1
19	0	table-0292-548	1
19	0	table-1453-183	1
19	0	table-0009-819	1
19	0	table-0432-545	1
19	0	table-1387-379	0
19	0	table-1643-299	0
19	0	table-1069-733	0
19	0	table-1388-434	0
19	0	table-1508-452	0
19	0	table-1630-520	0
19	0	table-1069-756	0
19	0	table-1630-157	0
19	0	table-0090-107	0
19	0	table-0009-911	0
19	0	table-1393-11	0
19	0	table-1605-522	0
19	0	table-1535-121	0
19	0	table-0985-716	0
19	0	table-0016-393	0
19	0	table-0540-631	0
19	0	table-1453-180	0
19	0	table-1453-184	0
19	0	table-0477-224	0
19	0	table-1407-963	0
19	0	table-1352-415	0
19	0	table-1352-420	0
19	0	table-0388-272	0
19	0	table-0922-919	0
19	0	table-0189-547	0
19	0	table-0798-223	0
19	0	table-0543-163	0
19	0	table-1069-764	0
19	0	table-0988-26	0
19	0	table-0062-22	0
19	0	table-1069-716	0
19	0	table-0952-814	0
19	0	table-1352-406	0
19	0	table-1539-316	0
19	0	table-0934-853	0
19	0	table-1243-488	0
19	0	table-1083-588	0
19	0	table-0747-199	0
19	0	table-0944-63	0
19	0	table-0649-521	0
19	0	table-1453-178	0
19	0	table-1322-652	0
19	0	table-0258-771	0
19	0	table-0025-65	0
20	0	table-1628-969	2
20	0	table-1628-972	2
20	0	table-1628-975	2
20	0	table-1628-974	2
20	0	table-0552-213	2
20	0	table-0202-12	2
20	0	table-1531-714	2
20	0	table-1628-970	2
20	0	table-1531-715	2
20	0	table-0552-212	2
20	0	table-0636-282	2
20	0	table-1628-977	2
20	0	table-0232-312	2
20	0	table-1591-498	2
20	0	table-1628-976	2
20	0	table-1628-971	2
20	0	table-0591-410	2
20	0	table-1628-973	2
20	0	table-1051-395	2
20	0	table-0397-907	2
20	0	table-1168-285	2
20	0	table-1420-810	2
20	0	table-0397-909	2
20	0	table-0397-592	1
20	0	table-1323-212	1
20	0	table-0591-411	1
20	0	table-1051-457	1
20	0	table-0397-906	1
20	0	table-0397-591	1
20	0	table-0643-531	1
20	0	table-0298-771	1
20	0	table-1482-371	0
20	0	table-1525-977	0
20	0	table-1619-488	0
20	0	table-1399-484	0
20	0	table-1619-492	0
20	0	table-0390-322	0
20	0	table-1056-719	0
20	0	table-1619-481	0
20	0	table-1605-36	0
20	0	table-0679-523	0
21	0	table-0222-392	2
21	0	table-1350-462	1
21	0	table-1207-486	1
21	0	table-0335-867	0
21	0	table-1493-389	0
21	0	table-1035-872	0
21	0	table-0966-731	0
21	0	table-0335-866	0
21	0	table-0442-334	0
21	0	table-1003-161	0
21	0	table-1035-871	0
21	0	table-0891-270	0
21	0	table-1102-27	0
21	0	table-0239-614	0
21	0	table-1538-475	0
21	0	table-0683-881	0
21	0	table-1566-260	0
21	0	table-0489-426	0
21	0	table-0496-390	0
21	0	table-0546-462	0
21	0	table-0057-386	0
21	0	table-0611-612	0
21	0	table-0218-112	0
21	0	table-1636-686	0
21	0	table-0038-57	0
21	0	table-0167-101	0
21	0	table-1151-607	0
21	0	table-0098-94	0
21	0	table-0098-92	0
21	0	table-1448-537	0
21	0	table-1636-829	0
21	0	table-0824-185	0
21	0	table-0536-541	0
21	0	table-0161-288	0
21	0	table-0644-803	0
21	0	table-1295-879	0
21	0	table-0061-292	0
21	0	table-0446-420	0
21	0	table-0825-384	0
21	0	table-0329-580	0
21	0	table-0964-505	0
21	0	table-0753-705	0
21	0	table-0668-575	0
21	0	table-1564-610	0
21	0	table-1483-428	0
21	0	table-1410-903	0
21	0	table-0674-290	0
21	0	table-1314-12	0
21	0	table-1227-229	0
21	0	table-0949-390	0
21	0	table-0279-36	0
21	0	table-0492-926	0
21	0	table-0646-649	0
21	0	table-1124-353	0
21	0	table-0179-874	0
22	0	table-1383-553	1
22	0	table-0401-930	0
22	0	table-0366-775	0
22	0	table-0640-506	0
22	0	table-1258-446	0
22	0	table-0173-237	0
22	0	table-0295-94	0
22	0	table-0366-773	0
22	0	table-1626-811	0
22	0	table-1326-207	0
22	0	table-0055-450	0
22	0	table-1570-754	0
22	0	table-0591-574	0
22	0	table-0366-777	0
22	0	table-1030-709	0
22	0	table-1571-140	0
22	0	table-0039-982	0
22	0	table-0078-654	0
22	0	table-0995-273	0
22	0	table-1422-925	0
22	0	table-1570-755	0
22	0	table-0695-982	0
22	0	table-0448-223	0
22	0	table-0721-578	0
22	0	table-0532-499	0
22	0	table-0364-38	0
22	0	table-1067-275	0
22	0	table-0364-40	0
22	0	table-1557-310	0
22	0	table-1454-460	0
22	0	table-1422-928	0
22	0	table-1557-307	0
22	0	table-0415-112	0
22	0	table-1390-483	0
22	0	table-1582-187	0
22	0	table-0406-400	0
22	0	table-1373-203	0
22	0	table-1049-506	0
22	0	table-0570-258	0
22	0	table-1570-558	0
22	0	table-1649-739	0
22	0	table-1283-61	0
22	0	table-1360-400	0
22	0	table-0549-331	0
22	0	table-0863-42	0
22	0	table-1060-439	0
22	0	table-0596-141	0
22	0	table-1339-675	0
22	0	table-0331-827	0
22	0	table-0331-446	0
22	0	table-0056-581	0
22	0	table-0946-114	0
22	0	table-0331-477	0
22	0	table-0331-846	0
22	0	table-0331-950	0
22	0	table-0331-817	0
22	0	table-0331-804	0
22	0	table-0332-192	0
22	0	table-0079-225	0
22	0	table-0936-730	0
23	0	table-1007-467	2
23	0	table-1070-327	2
23	0	table-0830-358	2
23	0	table-1554-331	2
23	0	table-1554-330	2
23	0	table-1420-880	1
23	0	table-1636-132	1
23	0	table-0158-961	1
23	0	table-1521-789	1
23	0	table-0240-583	1
23	0	table-1523-464	1
23	0	table-1226-910	1
23	0	table-1407-668	1
23	0	table-0458-601	1
23	0	table-0333-158	1
23	0	table-0339-698	1
23	0	table-1445-479	1
23	0	table-1587-825	1
23	0	table-0541-604	1
23	0	table-1497-678	1
23	0	table-0498-297	1
23	0	table-0688-181	1
23	0	table-0813-442	1
23	0	table-1070-326	1
23	0	table-0389-936	1
23	0	table-1465-965	1
23	0	table-0209-363	1
23	0	table-1579-470	1
23	0	table-0270-496	1
23	0	table-0103-625	1
23	0	table-1491-748	1
23	0	table-0864-292	0
23	0	table-1257-598	0
23	0	table-0709-399	0
23	0	table-0486-701	0
23	0	table-1204-632	0
23	0	table-0255-230	0
23	0	table-0259-987	0
23	0	table-0745-983	0
23	0	table-1385-841	0
23	0	table-1040-678	0
23	0	table-1176-644	0
23	0	table-0613-821	0
23	0	table-1256-357	0
23	0	table-0395-923	0
23	0	table-0082-575	0
23	0	table-0244-3	0
24	0	table-0202-593	2
24	0	table-0729-940	1
24	0	table-0581-69	1
24	0	table-1492-801	0
24	0	table-0521-820	0
24	0	table-1492-790	0
24	0	table-0468-712	0
24	0	table-1492-789	0
24	0	table-0521-809	0
24	0	table-0521-808	0
24	0	table-0165-702	0
24	0	table-1492-768	0
24	0	table-0521-811	0
24	0	table-1492-779	0
24	0	table-1492-825	0
24	0	table-0521-832	0
24	0	table-0165-697	0
24	0	table-0521-825	0
24	0	table-1492-782	0
24	0	table-0166-529	0
24	0	table-1492-796	0
24	0	table-1492-778	0
24	0	table-1335-447	0
24	0	table-0708-258	0
24	0	table-1452-735	0
24	0	table-1452-734	0
24	0	table-1027-438	0
24	0	table-1570-980	0
24	0	table-0165-701	0
24	0	table-0120-714	0
24	0	table-0165-700	0
24	0	table-1492-795	0
24	0	table-1492-771	0
24	0	table-0521-839	0
24	0	table-1492-808	0
24	0	table-0165-694	0
24	0	table-1492-806	0
24	0	table-1492-780	0
24	0	table-0521-802	0
24	0	table-0189-549	0
24	0	table-1416-853	0
24	0	table-0166-528	0
24	0	table-0165-488	0
24	0	table-0355-152	0
24	0	table-1492-804	0
24	0	table-0678-940	0
24	0	table-1492-793	0
24	0	table-1452-736	0
24	0	table-1535-351	0
24	0	table-0630-912	0
25	0	table-1469-448	2
25	0	table-0569-900	2
25	0	table-1469-458	2
25	0	table-0456-778	2
25	0	table-0569-906	2
25	0	table-0569-907	2
25	0	table-0569-908	2
25	0	table-0569-905	2
25	0	table-0569-909	2
25	0	table-0569-903	2
25	0	table-0569-904	2
25	0	table-1469-456	2
25	0	table-1469-451	2
25	0	table-1469-457	2
25	0	table-1469-455	2
25	0	table-1469-452	2
25	0	table-1469-454	2
25	0	table-1469-453	2
25	0	table-0569-902	2
25	0	table-0569-899	2
25	0	table-0999-416	2
25	0	table-0584-271	2
25	0	table-0499-134	2
25	0	table-0969-3	2
25	0	table-1396-859	2
25	0	table-1419-802	2
25	0	table-1471-256	1
25	0	table-0539-946	1
25	0	table-1017-262	1
25	0	table-0197-360	1
25	0	table-0197-361	1
25	0	table-0197-362	1
25	0	table-1280-188	1
25	0	table-0889-966	1
25	0	table-0189-459	1
25	0	table-1206-508	1
25	0	table-0485-330	1
25	0	table-1136-540	1
25	0	table-1544-800	1
25	0	table-1390-90	1
25	0	table-1013-521	1
25	0	table-1272-413	1
25	0	table-1234-160	1
25	0	table-1393-891	1
25	0	table-0875-880	1
25	0	table-1169-159	1
25	0	table-1514-1	1
25	0	table-1527-852	1
25	0	table-0616-645	1
25	0	table-0328-137	1
25	0	table-0892-44	1
25	0	table-0428-815	1
25	0	table-1413-396	1
25	0	table-1527-973	1
25	0	table-0571-468	1
25	0	table-0858-558	1
25	0	table-0873-938	1
25	0	table-1015-420	1
25	0	table-1442-905	1
25	0	table-1060-965	0
25	0	table-0889-965	0
25	0	table-1261-565	0
26	0	table-0387-47	2
26	0	table-0713-460	1
26	0	table-1479-337	1
26	0	table-0529-770	1
26	0	table-0001-249	1
26	0	table-1567-612	1
26	0	table-0218-222	1
26	0	table-1378-44	1
26	0	table-0511-959	1
26	0	table-0952-496	1
26	0	table-1148-406	1
26	0	table-0375-831	0
26	0	table-1295-621	0
26	0	table-1482-914	0
26	0	table-0029-647	0
26	0	table-0675-954	0
26	0	table-0675-947	0
26	0	table-0675-934	0
26	0	table-0675-896	0
26	0	table-0146-116	0
26	0	table-0837-299	0
26	0	table-0387-60	0
26	0	table-0109-237	0
26	0	table-0375-830	0
26	0	table-0677-812	0
26	0	table-1305-174	0
26	0	table-0675-659	0
26	0	table-0675-592	0
26	0	table-0677-673	0
26	0	table-0676-60	0
26	0	table-0676-39	0
26	0	table-0420-837	0
26	0	table-0740-646	0
26	0	table-0492-926	0
26	0	table-0420-793	0
26	0	table-0480-47	0
26	0	table-1114-900	0
26	0	table-1108-641	0
26	0	table-0978-762	0
26	0	table-0456-95	0
26	0	table-0853-63	0
26	0	table-0529-771	0
26	0	table-1143-836	0
26	0	table-0247-774	0
26	0	table-0652-497	0
26	0	table-0180-427	0
26	0	table-0387-587	0
26	0	table-0349-8	0
27	0	table-0007-925	2
27	0	table-0610-22	2
27	0	table-0296-506	2
27	0	table-0610-21	2
27	0	table-0012-462	1
27	0	table-0007-924	1
27	0	table-1340-492	0
27	0	table-1593-647	0
27	0	table-0008-894	0
27	0	table-1533-500	0
27	0	table-1455-572	0
27	0	table-0365-521	0
27	0	table-1330-63	0
27	0	table-0295-899	0
27	0	table-1645-396	0
27	0	table-1645-397	0
27	0	table-0015-426	0
27	0	table-1340-721	0
27	0	table-0642-367	0
27	0	table-0609-656	0
27	0	table-0593-504	0
27	0	table-0703-920	0
27	0	table-1482-277	0
27	0	table-0522-325	0
27	0	table-0826-93	0
27	0	table-1438-848	0
27	0	table-0696-428	0
27	0	table-0369-929	0
27	0	table-1349-560	0
27	0	table-1397-454	0
27	0	table-1109-866	0
27	0	table-0867-91	0
27	0	table-0065-495	0
27	0	table-1129-337	0
27	0	table-0208-817	0
27	0	table-1034-276	0
27	0	table-0695-860	0
27	0	table-0329-723	0
27	0	table-0333-821	0
27	0	table-0763-642	0
27	0	table-0937-205	0
27	0	table-0383-589	0
27	0	table-0536-665	0
27	0	table-1087-758	0
27	0	table-0082-35	0
27	0	table-0795-251	0
27	0	table-0804-473	0
27	0	table-0220-752	0
27	0	table-0065-817	0
27	0	table-1412-182	0
27	0	table-0804-475	0
27	0	table-0135-660	0
28	0	table-1117-4	2
28	0	table-1117-80	2
28	0	table-1116-768	2
28	0	table-1116-904	2
28	0	table-1517-625	2
28	0	table-1472-114	2
28	0	table-0423-842	2
28	0	table-0587-13	2
28	0	table-1517-609	2
28	0	table-1571-795	2
28	0	table-1518-807	1
28	0	table-1607-162	1
28	0	table-0011-452	1
28	0	table-1583-420	1
28	0	table-0326-298	1
28	0	table-1150-885	1
28	0	table-0050-517	1
28	0	table-1548-900	1
28	0	table-1455-264	1
28	0	table-1458-711	1
28	0	table-0801-695	1
28	0	table-1320-478	1
28	0	table-1531-93	1
28	0	table-0213-664	1
28	0	table-0514-801	1
28	0	table-0104-408	1
28	0	table-0259-988	0
28	0	table-0011-449	0
28	0	table-0833-571	0
28	0	table-1014-332	0
28	0	table-0011-447	0
28	0	table-1538-740	0
28	0	table-1188-685	0
28	0	table-1311-765	0
28	0	table-0011-448	0
28	0	table-0065-817	0
28	0	table-1171-215	0
28	0	table-1163-329	0
28	0	table-0254-402	0
28	0	table-1399-167	0
28	0	table-0652-781	0
28	0	table-0668-289	0
28	0	table-1014-330	0
28	0	table-0230-966	0
28	0	table-1251-940	0
28	0	table-0692-331	0
29	0	table-0357-944	2
29	0	table-0357-260	2
29	0	table-0428-148	2
29	0	table-0428-118	2
29	0	table-0428-156	2
29	0	table-0427-720	2
29	0	table-0428-136	2
29	0	table-0427-703	2
29	0	table-0427-705	2
29	0	table-0355-422	2
29	0	table-0355-804	2
29	0	table-0355-972	2
29	0	table-0357-162	2
29	0	table-0357-364	2
29	0	table-0357-725	2
29	0	table-0358-30	2
29	0	table-0356-611	2
29	0	table-0356-511	2
29	0	table-0356-174	2
29	0	table-0356-842	2
29	0	table-0208-892	2
29	0	table-0111-77	2
29	0	table-0272-806	1
29	0	table-1020-936	1
29	0	table-0243-313	1
29	0	table-0246-292	1
29	0	table-1403-324	0
29	0	table-0975-829	0
29	0	table-1410-622	0
29	0	table-1484-894	0
29	0	table-0976-380	0
29	0	table-0975-862	0
29	0	table-0675-825	0
29	0	table-0350-929	0
29	0	table-0096-156	0
29	0	table-1186-513	0
29	0	table-1613-850	0
29	0	table-1158-510	0
29	0	table-0804-645	0
29	0	table-1320-961	0
29	0	table-0390-988	0
29	0	table-0612-5	0
29	0	table-0151-397	0
29	0	table-0132-911	0
30	0	table-0520-188	1
30	0	table-1444-126	1
30	0	table-0732-148	1
30	0	table-0092-887	1
30	0	table-1253-982	1
30	0	table-1253-972	1
30	0	table-1253-984	1
30	0	table-1253-987	1
30	0	table-1253-974	1
30	0	table-1253-973	1
30	0	table-1253-977	1
30	0	table-0105-711	0
30	0	table-0465-949	0
30	0	table-0779-302	0
30	0	table-1012-982	0
30	0	table-0779-303	0
30	0	table-1068-320	0
30	0	table-1502-628	0
30	0	table-1012-983	0
30	0	table-1040-364	0
30	0	table-1000-972	0
30	0	table-0010-999	0
30	0	table-1512-23	0
30	0	table-1465-56	0
30	0	table-0529-692	0
30	0	table-0277-66	0
30	0	table-0962-415	0
30	0	table-0884-479	0
30	0	table-0068-913	0
30	0	table-0837-154	0
30	0	table-0458-118	0
30	0	table-0367-68	0
30	0	table-0682-592	0
30	0	table-0213-877	0
30	0	table-0008-100	0
30	0	table-1529-626	0
30	0	table-0690-633	0
30	0	table-0852-367	0
30	0	table-1438-722	0
30	0	table-1233-291	0
30	0	table-1303-115	0
30	0	table-0596-452	0
30	0	table-0458-122	0
30	0	table-1253-970	0
30	0	table-0209-9	0
30	0	table-1253-975	0
30	0	table-0225-274	0
30	0	table-0802-722	0
30	0	table-1434-888	0
30	0	table-0971-924	0
30	0	table-1576-435	0
30	0	table-1576-434	0
